1
0 1 2 3 4 5 
0 1 2 3 4 5 
0 1 2 3 4 5 
0 1 2 3 4 5 
0 1 2 3 4 5 
0 1 2 3 4 5 
------------------
3
0 1 2 3 4 5 
0 1 2 3 4 5 
0 1 2 3 4 5 
0 1 2 3 4 5 
0 1 2 3 4 5 
0 1 2 3 4 5 
------------------
4
0 1 2 3 4 5 
0 1 2 3 4 5 
0 1 2 3 4 5 
0 1 2 3 4 5 
0 1 2 3 4 5 
0 1 2 3 4 5 
------------------
6
0 1 2 3 4 5 
0 1 2 3 4 5 
0 1 2 3 4 5 
0 1 2 3 4 5 
0 1 2 3 4 5 
0 1 2 3 4 5 
------------------
7
0 1 2 3 4 5 
0 1 2 3 4 5 
0 1 2 3 4 5 
0 1 2 3 4 5 
0 1 2 3 4 5 
0 1 2 3 4 5 
------------------
9
0 1 2 3 4 5 
0 1 2 3 4 5 
0 1 2 3 4 5 
0 1 2 3 4 5 
0 1 2 3 4 5 
0 1 2 3 4 5 
------------------
10
0 1 2 3 4 5 
0 1 2 3 4 5 
0 1 2 3 4 5 
0 1 2 3 4 5 
0 1 2 3 4 5 
0 1 2 3 4 5 
------------------
11
0 1 2 3 4 5 
0 1 2 3 4 5 
0 1 2 3 4 5 
0 1 2 3 4 5 
0 1 2 3 4 5 
0 1 2 3 4 5 
------------------
13
0 1 2 3 4 5 
0 1 2 3 4 5 
0 1 2 3 4 5 
0 1 2 3 4 5 
0 1 2 3 4 5 
0 1 2 3 4 5 
------------------
14
0 1 2 3 4 5 
0 1 2 3 4 5 
0 1 2 3 4 5 
0 1 2 3 4 5 
0 1 2 3 4 5 
0 1 2 3 4 5 
------------------
16
0 1 2 3 4 5 
0 1 2 3 4 5 
0 1 2 3 4 5 
0 1 2 3 4 5 
0 1 2 3 4 5 
0 1 2 3 4 5 
------------------
17
0 1 2 3 4 5 
0 1 2 3 4 5 
0 1 2 3 4 5 
0 1 2 3 4 5 
0 1 2 3 4 5 
0 1 2 3 4 5 
------------------
19
0 1 2 3 4 5 
0 1 2 3 4 5 
0 1 2 3 4 5 
0 1 2 3 4 5 
0 1 2 3 4 5 
0 1 2 3 4 5 
------------------
21
0 1 2 3 4 5 
0 1 2 3 4 5 
0 1 2 3 4 5 
0 1 2 3 4 5 
0 1 2 3 4 5 
0 1 2 3 4 5 
------------------
22
0 1 2 3 4 5 
0 1 2 3 4 5 
0 1 2 3 4 5 
0 1 2 3 4 5 
0 1 2 3 4 5 
0 1 2 3 4 5 
------------------
25
0 1 2 3 4 5 
0 1 2 3 4 5 
0 1 2 3 4 5 
0 1 2 3 4 5 
0 1 2 3 4 5 
0 1 2 3 4 5 
------------------
28
0 1 2 3 4 5 
0 1 2 3 4 5 
0 1 2 3 4 5 
0 1 2 3 4 5 
0 1 2 3 4 5 
0 1 2 3 4 5 
------------------
32
0 1 2 3 4 5 
0 1 2 3 4 5 
0 1 2 3 4 5 
0 1 2 3 4 5 
0 1 2 3 4 5 
0 1 2 3 4 5 
------------------
33
0 1 2 3 4 5 
0 1 2 3 4 5 
0 1 2 3 4 5 
0 1 2 3 4 5 
0 1 2 3 4 5 
0 1 2 3 4 5 
------------------
36
0 1 2 3 4 5 
0 1 2 3 4 5 
0 1 2 3 4 5 
0 1 2 3 4 5 
0 1 2 3 4 5 
0 1 2 3 4 5 
------------------
39
0 1 2 3 4 5 
0 1 2 3 4 5 
0 1 2 3 4 5 
0 1 2 3 4 5 
0 1 2 3 4 5 
0 1 2 3 4 5 
------------------
40
0 1 2 3 4 5 
0 1 2 3 4 5 
0 1 2 3 4 5 
0 1 2 3 4 5 
0 1 2 3 4 5 
0 1 2 3 4 5 
------------------
42
0 1 2 3 4 5 
0 1 2 3 4 5 
0 1 2 3 4 5 
0 1 2 3 4 5 
0 1 2 3 4 5 
0 1 2 3 4 5 
------------------
45
0 1 2 3 4 5 
0 1 2 3 4 5 
0 1 2 3 4 5 
0 1 2 3 4 5 
0 1 2 3 4 5 
0 1 2 3 4 5 
------------------
46
0 1 2 3 4 5 
0 1 2 3 4 5 
0 1 2 3 4 5 
0 1 2 3 4 5 
0 1 2 3 4 5 
0 1 2 3 4 5 
------------------
49
0 1 2 3 4 5 
0 1 2 3 4 5 
0 1 2 3 4 5 
0 1 2 3 4 5 
0 1 2 3 4 5 
0 1 2 3 4 5 
------------------
52
0 1 2 3 4 5 
0 1 2 3 4 5 
0 1 2 3 4 5 
0 1 2 3 4 5 
0 1 2 3 4 5 
0 1 2 3 4 5 
------------------
53
0 1 2 3 4 5 
0 1 2 3 4 5 
0 1 2 3 4 5 
0 1 2 3 4 5 
0 1 2 3 4 5 
0 1 2 3 4 5 
------------------
54
0 1 2 3 4 5 
0 1 2 3 4 5 
0 1 2 3 4 5 
0 1 2 3 4 5 
0 1 2 3 4 5 
0 1 2 3 4 5 
------------------
55
0 1 2 3 4 5 
0 1 2 3 4 5 
0 1 2 3 4 5 
0 1 2 3 4 5 
0 1 2 3 4 5 
0 1 2 3 4 5 
------------------
57
0 1 2 3 4 5 
0 1 2 3 4 5 
0 1 2 3 4 5 
0 1 2 3 4 5 
0 1 2 3 4 5 
0 1 2 3 4 5 
------------------
60
0 1 2 3 4 5 
0 1 2 3 4 5 
0 1 2 3 4 5 
0 1 2 3 4 5 
0 1 2 3 4 5 
0 1 2 3 4 5 
------------------
61
0 1 2 3 4 5 
0 1 2 3 4 5 
0 1 2 3 4 5 
0 1 2 3 4 5 
0 1 2 3 4 5 
0 1 2 3 4 5 
------------------
64
0 1 2 3 4 5 
0 1 2 3 4 5 
0 1 2 3 4 5 
0 1 2 3 4 5 
0 1 2 3 4 5 
0 1 2 3 4 5 
------------------
67
0 1 2 3 4 5 
0 1 2 3 4 5 
0 1 2 3 4 5 
0 1 2 3 4 5 
0 1 2 3 4 5 
0 1 2 3 4 5 
------------------
68
0 1 2 3 4 5 
0 1 2 3 4 5 
0 1 2 3 4 5 
0 1 2 3 4 5 
0 1 2 3 4 5 
0 1 2 3 4 5 
------------------
70
0 1 2 3 4 5 
0 1 2 3 4 5 
0 1 2 3 4 5 
0 1 2 3 4 5 
0 1 2 3 4 5 
0 1 2 3 4 5 
------------------
72
0 1 2 3 4 5 
0 1 2 3 4 5 
0 1 2 3 4 5 
0 1 2 3 4 5 
0 1 2 3 4 5 
0 1 2 3 4 5 
------------------
74
0 1 2 3 4 5 
0 1 2 3 4 5 
0 1 2 3 4 5 
0 1 2 3 4 5 
0 1 2 3 4 5 
0 1 2 3 4 5 
------------------
77
0 1 2 3 4 5 
0 1 2 3 4 5 
0 1 2 3 4 5 
0 1 2 3 4 5 
0 1 2 3 4 5 
0 1 2 3 4 5 
------------------
78
0 1 2 3 4 5 
0 1 2 3 4 5 
0 1 2 3 4 5 
0 1 2 3 4 5 
0 1 2 3 4 5 
0 1 2 3 4 5 
------------------
81
0 1 2 3 4 5 
0 1 2 3 4 5 
0 1 2 3 4 5 
0 1 2 3 4 5 
0 1 2 3 4 5 
0 1 2 3 4 5 
------------------
85
0 1 2 3 4 5 
0 1 2 3 4 5 
0 1 2 3 4 5 
0 1 2 3 4 5 
0 1 2 3 4 5 
0 1 2 3 4 5 
------------------
87
0 1 2 3 4 5 
0 1 2 3 4 5 
0 1 2 3 4 5 
0 1 2 3 4 5 
0 1 2 3 4 5 
0 1 2 3 4 5 
------------------
89
0 1 2 3 4 5 
0 1 2 3 4 5 
0 1 2 3 4 5 
0 1 2 3 4 5 
0 1 2 3 4 5 
0 1 2 3 4 5 
------------------
90
0 1 2 3 4 5 
0 1 2 3 4 5 
0 1 2 3 4 5 
0 1 2 3 4 5 
0 1 2 3 4 5 
0 1 2 3 4 5 
------------------
92
0 1 2 3 4 5 
0 1 2 3 4 5 
0 1 2 3 4 5 
0 1 2 3 4 5 
0 1 2 3 4 5 
0 1 2 3 4 5 
------------------
93
0 1 2 3 4 5 
0 1 2 3 4 5 
0 1 2 3 4 5 
0 1 2 3 4 5 
0 1 2 3 4 5 
0 1 2 3 4 5 
------------------
95
0 1 2 3 4 5 
0 1 2 3 4 5 
0 1 2 3 4 5 
0 1 2 3 4 5 
0 1 2 3 4 5 
0 1 2 3 4 5 
------------------
96
0 1 2 3 4 5 
0 1 2 3 4 5 
0 1 2 3 4 5 
0 1 2 3 4 5 
0 1 2 3 4 5 
0 1 2 3 4 5 
------------------
98
0 1 2 3 4 5 
0 1 2 3 4 5 
0 1 2 3 4 5 
0 1 2 3 4 5 
0 1 2 3 4 5 
0 1 2 3 4 5 
------------------
100
0 1 2 3 4 5 
0 1 2 3 4 5 
0 1 2 3 4 5 
0 1 2 3 4 5 
0 1 2 3 4 5 
0 1 2 3 4 5 
------------------
103
0 1 2 3 4 5 
0 1 2 3 4 5 
0 1 2 3 4 5 
0 1 2 3 4 5 
0 1 2 3 4 5 
0 1 2 3 4 5 
------------------
104
0 1 2 3 4 5 
0 1 2 3 4 5 
0 1 2 3 4 5 
0 1 2 3 4 5 
0 1 2 3 4 5 
0 1 2 3 4 5 
------------------
106
0 1 2 3 4 5 
0 1 2 3 4 5 
0 1 2 3 4 5 
0 1 2 3 4 5 
0 1 2 3 4 5 
0 1 2 3 4 5 
------------------
109
0 1 2 3 4 5 
0 1 2 3 4 5 
0 1 2 3 4 5 
0 1 2 3 4 5 
0 1 2 3 4 5 
0 1 2 3 4 5 
------------------
110
0 1 2 3 4 5 
0 1 2 3 4 5 
0 1 2 3 4 5 
0 1 2 3 4 5 
0 1 2 3 4 5 
0 1 2 3 4 5 
------------------
113
0 1 2 3 4 5 
0 1 2 3 4 5 
0 1 2 3 4 5 
0 1 2 3 4 5 
0 1 2 3 4 5 
0 1 2 3 4 5 
------------------
116
0 1 2 3 4 5 
0 1 2 3 4 5 
0 1 2 3 4 5 
0 1 2 3 4 5 
0 1 2 3 4 5 
0 1 2 3 4 5 
------------------
117
0 1 2 3 4 5 
0 1 2 3 4 5 
0 1 2 3 4 5 
0 1 2 3 4 5 
0 1 2 3 4 5 
0 1 2 3 4 5 
------------------
118
0 1 2 3 4 5 
0 1 2 3 4 5 
0 1 2 3 4 5 
0 1 2 3 4 5 
0 1 2 3 4 5 
0 1 2 3 4 5 
------------------
120
0 1 2 3 4 5 
0 1 2 3 4 5 
0 1 2 3 4 5 
0 1 2 3 4 5 
0 1 2 3 4 5 
0 1 2 3 4 5 
------------------
122
0 1 2 3 4 5 
0 1 2 3 4 5 
0 1 2 3 4 5 
0 1 2 3 4 5 
0 1 2 3 4 5 
0 1 2 3 4 5 
------------------
125
0 1 2 3 4 5 
0 1 2 3 4 5 
0 1 2 3 4 5 
0 1 2 3 4 5 
0 1 2 3 4 5 
0 1 2 3 4 5 
------------------
126
0 1 2 3 4 5 
0 1 2 3 4 5 
0 1 2 3 4 5 
0 1 2 3 4 5 
0 1 2 3 4 5 
0 1 2 3 4 5 
------------------
128
0 1 2 3 4 5 
0 1 2 3 4 5 
0 1 2 3 4 5 
0 1 2 3 4 5 
0 1 2 3 4 5 
0 1 2 3 4 5 
------------------
130
0 1 2 3 4 5 
0 1 2 3 4 5 
0 1 2 3 4 5 
0 1 2 3 4 5 
0 1 2 3 4 5 
0 1 2 3 4 5 
------------------
132
0 1 2 3 4 5 
0 1 2 3 4 5 
0 1 2 3 4 5 
0 1 2 3 4 5 
0 1 2 3 4 5 
0 1 2 3 4 5 
------------------
135
0 1 2 3 4 5 
0 1 2 3 4 5 
0 1 2 3 4 5 
0 1 2 3 4 5 
0 1 2 3 4 5 
0 1 2 3 4 5 
------------------
136
0 1 2 3 4 5 
0 1 2 3 4 5 
0 1 2 3 4 5 
0 1 2 3 4 5 
0 1 2 3 4 5 
0 1 2 3 4 5 
------------------
139
0 1 2 3 4 5 
0 1 2 3 4 5 
0 1 2 3 4 5 
0 1 2 3 4 5 
0 1 2 3 4 5 
0 1 2 3 4 5 
------------------
143
0 1 2 3 4 5 
0 1 2 3 4 5 
0 1 2 3 4 5 
0 1 2 3 4 5 
0 1 2 3 4 5 
0 1 2 3 4 5 
------------------
146
0 1 2 3 4 5 
0 1 2 3 4 5 
0 1 2 3 4 5 
0 1 2 3 4 5 
0 1 2 3 4 5 
0 1 2 3 4 5 
------------------
147
0 1 2 3 4 5 
0 1 2 3 4 5 
0 1 2 3 4 5 
0 1 2 3 4 5 
0 1 2 3 4 5 
0 1 2 3 4 5 
------------------
149
0 1 2 3 4 5 
0 1 2 3 4 5 
0 1 2 3 4 5 
0 1 2 3 4 5 
0 1 2 3 4 5 
0 1 2 3 4 5 
------------------
151
0 1 2 3 4 5 
0 1 2 3 4 5 
0 1 2 3 4 5 
0 1 2 3 4 5 
0 1 2 3 4 5 
0 1 2 3 4 5 
------------------
152
0 1 2 3 4 5 
0 1 2 3 4 5 
0 1 2 3 4 5 
0 1 2 3 4 5 
0 1 2 3 4 5 
0 1 2 3 4 5 
------------------
153
0 1 2 3 4 5 
0 1 2 3 4 5 
0 1 2 3 4 5 
0 1 2 3 4 5 
0 1 2 3 4 5 
0 1 2 3 4 5 
------------------
154
0 1 2 3 4 5 
0 1 2 3 4 5 
0 1 2 3 4 5 
0 1 2 3 4 5 
0 1 2 3 4 5 
0 1 2 3 4 5 
------------------
156
0 1 2 3 4 5 
0 1 2 3 4 5 
0 1 2 3 4 5 
0 1 2 3 4 5 
0 1 2 3 4 5 
0 1 2 3 4 5 
------------------
157
0 1 2 3 4 5 
0 1 2 3 4 5 
0 1 2 3 4 5 
0 1 2 3 4 5 
0 1 2 3 4 5 
0 1 2 3 4 5 
------------------
158
0 1 2 3 4 5 
0 1 2 3 4 5 
0 1 2 3 4 5 
0 1 2 3 4 5 
0 1 2 3 4 5 
0 1 2 3 4 5 
------------------
160
0 1 2 3 4 5 
0 1 2 3 4 5 
0 1 2 3 4 5 
0 1 2 3 4 5 
0 1 2 3 4 5 
0 1 2 3 4 5 
------------------
161
0 1 2 3 4 5 
0 1 2 3 4 5 
0 1 2 3 4 5 
0 1 2 3 4 5 
0 1 2 3 4 5 
0 1 2 3 4 5 
------------------
163
0 1 2 3 4 5 
0 1 2 3 4 5 
0 1 2 3 4 5 
0 1 2 3 4 5 
0 1 2 3 4 5 
0 1 2 3 4 5 
------------------
164
0 1 2 3 4 5 
0 1 2 3 4 5 
0 1 2 3 4 5 
0 1 2 3 4 5 
0 1 2 3 4 5 
0 1 2 3 4 5 
------------------
165
0 1 2 3 4 5 
0 1 2 3 4 5 
0 1 2 3 4 5 
0 1 2 3 4 5 
0 1 2 3 4 5 
0 1 2 3 4 5 
------------------
167
0 1 2 3 4 5 
0 1 2 3 4 5 
0 1 2 3 4 5 
0 1 2 3 4 5 
0 1 2 3 4 5 
0 1 2 3 4 5 
------------------
169
0 1 2 3 4 5 
0 1 2 3 4 5 
0 1 2 3 4 5 
0 1 2 3 4 5 
0 1 2 3 4 5 
0 1 2 3 4 5 
------------------
170
0 1 2 3 4 5 
0 1 2 3 4 5 
0 1 2 3 4 5 
0 1 2 3 4 5 
0 1 2 3 4 5 
0 1 2 3 4 5 
------------------
